! 3474 1737 1737 1746 1737 1728 1728 1737 1544 1994 1984 2048 1930 1480 1490 1930 1480 1490 1426 1544 1994 1984 1737 1737 1737 1737 1737 1737 1737 1737 1737 1737 1737 1737 1737 1737 1738 1736 1746 1746 1736 1738 1728 1737 1737 1737 1737 1737 1737 1737 1736 1738 1728 1728 1738 1736 1746 1736 1738 1728 1728 1738 1736 1746 2 3 24 0
' 2629 1316 1348 1317 1601 1312 1344 1313 1261 1112 1280 1026 1366 1519 1347 1368 1517 1349 1603 1263 1110 1282 1315 1314 1316 1316 1314 1315 1313 1329 1300 1348 1348 1300 1329 1281 1318 1311 1317 1315 1313 1316 1314 1364 1521 1345 1345 1521 1876 1540 1311 1318 1312 1314 1316 1313 1315 1325 1304 1344 1346 1302 1327 1283 1 3 8 1000
( 1312 686 708 578 904 646 568 614 656 656 638 656 642 628 656 656 656 674 656 670 684 656 656 656 660 656 680 710 656 656 656 534 656 730 736 656 656 656 704 656 748 602 656 656 656 842 656 838 1092 656 656 656 588 656 608 750 656 656 656 434 656 630 876 656 11 8 31 0
) 1366 652 644 622 424 658 566 724 683 683 668 683 666 628 683 683 683 698 683 700 738 683 683 683 680 683 662 624 683 683 683 784 683 634 612 683 683 683 746 683 760 646 683 683 683 516 683 478 240 683 683 683 598 683 652 762 683 683 683 466 683 652 874 683 11 8 31 0
, 2629 1313 1281 1317 1028 1312 1344 1316 1368 1517 1280 1603 1366 1519 1282 1261 1112 1349 1026 1263 1110 1347 1315 1314 1313 1316 1315 1314 1313 1329 1300 1281 1348 1329 1300 1281 1311 1318 1317 1314 1313 1316 1315 1364 1521 1284 1345 1108 753 1540 1318 1311 1312 1315 1316 1313 1314 1304 1325 1344 1283 1302 1327 1346 1 3 8 2000
- 4096 2048 2048 2048 2048 2048 2048 2048 2048 2048 2048 2048 2048 2048 2048 2048 2048 2048 2048 2048 2048 2048 2048 2048 2048 2048 2048 2048 2048 2048 2048 2048 2048 2048 2048 2048 2048 2048 2048 2048 2048 2048 2048 2048 2048 2048 2048 2048 2048 2048 2048 2048 2048 2048 2048 2048 2048 2048 2048 2048 2048 2048 2048 2048 1 9 3 1000
. 4096 2048 2048 2048 2048 2048 2048 2048 2048 2048 2048 2048 2048 2048 2048 2048 2048 2048 2048 2048 2048 2048 2048 2048 2048 2048 2048 2048 2048 2048 2048 2048 2048 2048 2048 2048 2048 2048 2048 2048 2048 2048 2048 2048 2048 2048 2048 2048 2048 2048 2048 2048 2048 2048 2048 2048 2048 2048 2048 2048 2048 2048 2048 2048 1 3 3 2000
0 1607 799 773 737 798 736 1122 784 801 820 862 820 802 771 801 806 787 745 787 805 836 806 792 797 793 797 817 784 792 818 801 785 801 813 806 818 784 783 637 783 701 934 784 799 816 810 816 830 789 799 811 812 816 812 872 943 811 805 840 980 840 1048 1313 805 54 16 25 0
1 1788 714 652 730 197 1063 1099 1069 899 843 754 988 899 843 754 889 945 1034 800 889 945 1034 877 883 910 850 877 883 910 893 935 916 912 893 935 916 881 873 920 834 881 873 920 846 896 951 791 846 896 951 906 910 867 949 906 910 867 852 896 835 913 852 896 835 8 9 24 0
2 1491 714 740 705 763 700 804 707 615 670 898 692 970 969 519 876 821 593 799 521 522 972 755 742 728 776 744 735 735 633 772 758 846 766 697 761 662 791 699 745 675 776 762 746 733 919 857 657 660 668 771 844 792 736 746 783 785 795 1012 976 624 810 779 861 46 16 24 0
3 1391 706 663 612 535 586 755 768 672 668 757 641 726 840 717 719 723 634 750 665 551 674 676 700 723 675 674 688 719 705 755 652 624 737 633 698 684 658 651 723 648 768 629 683 723 746 660 655 557 716 704 696 783 757 700 742 673 649 659 1124 802 787 791 692 54 16 25 0
4 1376 584 975 601 502 728 357 745 531 818 483 536 785 426 833 845 558 893 840 591 950 543 719 686 707 706 679 688 659 650 659 602 721 772 659 756 690 665 790 681 642 659 734 697 672 689 700 689 818 649 685 702 641 704 679 670 643 694 581 654 837 678 719 606 59 17 24 0
5 1562 704 771 629 773 661 826 682 842 709 1031 889 853 928 958 720 853 531 673 709 634 604 774 807 749 775 787 744 758 797 922 826 680 782 743 831 799 740 836 902 748 865 797 795 904 856 650 792 753 849 803 752 860 910 808 837 765 656 713 1015 961 981 942 752 54 16 25 0
6 1635 809 860 740 870 754 967 793 716 802 995 799 696 784 905 919 833 640 836 939 851 730 801 797 756 798 865 815 826 834 872 755 749 780 952 791 842 766 753 821 696 894 745 810 856 817 789 846 954 831 818 766 875 905 858 928 813 757 703 1100 1002 979 1091 856 54 16 25 0
7 1049 550 487 514 526 463 348 547 712 768 715 765 724 766 709 337 281 334 284 325 283 340 556 538 475 509 566 482 543 487 561 454 394 539 627 536 500 460 477 593 578 632 449 532 524 517 715 456 434 459 515 613 538 504 461 465 542 542 468 545 441 530 442 563 59 17 24 0
8 1663 826 825 674 852 747 926 811 799 827 921 788 832 868 866 864 836 742 875 831 795 797 837 835 821 824 848 810 848 832 814 838 843 825 851 803 835 763 831 890 704 824 720 849 821 849 844 830 830 826 862 816 896 937 867 917 809 749 751 1269 1020 908 1014 844 54 16 25 0
9 1677 821 770 756 757 765 1022 824 933 850 986 858 770 801 745 744 827 691 819 907 876 932 844 863 855 833 801 806 842 809 922 884 762 860 727 845 823 824 774 802 712 927 829 818 923 833 773 819 750 864 862 887 893 839 877 964 842 891 1006 1146 704 996 1165 785 54 16 25 0
: 1152 576 576 576 576 576 576 576 576 576 1024 576 1024 1152 576 576 576 128 576 128 0 576 576 576 576 576 576 576 576 576 576 576 576 576 576 576 576 576 576 576 576 576 576 576 576 576 576 576 576 576 576 576 576 576 576 576 576 576 576 576 576 576 576 576 1 3 18 0
; 1293 645 636 646 545 647 656 648 730 754 705 448 1011 987 1036 563 539 588 845 282 306 257 647 645 646 645 646 648 647 642 650 637 636 651 643 656 648 646 645 646 645 647 648 763 531 544 545 530 762 749 645 647 648 647 648 646 645 650 642 657 656 643 651 636 1 3 23 0
? 971 491 500 504 295 407 434 474 518 692 557 714 521 575 476 453 279 414 257 450 396 495 517 485 456 551 480 488 463 494 402 431 612 495 475 476 506 512 553 590 401 495 532 487 467 540 503 454 362 463 467 521 546 409 540 506 535 578 604 695 312 613 519 646 46 16 24 0
A 1184 575 599 500 565 480 432 585 508 642 510 498 640 526 628 676 542 674 686 544 658 556 573 557 589 587 597 597 579 595 597 583 563 579 593 593 610 542 608 386 470 374 662 603 589 589 601 591 589 603 628 716 436 594 660 736 662 566 780 554 930 582 388 584 244 22 25 0
B 1977 1136 1168 985 1175 1026 1312 1177 954 1000 1217 980 1057 1095 964 1023 977 760 997 920 882 1013 976 1016 979 964 1003 995 1038 1018 994 899 960 1017 973 1014 969 967 1060 1033 950 1008 921 929 941 844 921 912 916 939 1010 972 1067 1024 1007 1017 948 966 1020 1313 1054 1039 1113 970 115 19 25 0
C 1143 608 637 526 639 508 669 610 562 588 561 561 654 752 571 581 555 582 582 489 391 572 556 566 525 561 624 606 579 557 567 484 566 599 689 576 564 530 403 561 486 704 551 565 581 536 580 651 687 584 592 580 555 611 638 722 579 569 565 838 592 745 865 560 304 22 26 0
D 1539 935 847 961 863 993 1083 959 739 787 905 784 934 976 752 800 752 634 755 605 563 787 772 796 866 775 785 723 767 804 778 712 775 741 641 817 758 776 734 797 815 971 763 718 722 598 719 627 625 731 768 764 776 785 857 939 773 738 784 928 787 899 1019 725 115 19 25 0
E 1642 1007 1045 932 1045 932 970 1007 833 880 1307 880 1013 1060 833 809 762 335 762 629 582 809 806 809 856 809 842 845 806 806 813 878 813 848 855 806 841 854 921 854 847 860 841 806 813 878 813 848 855 806 841 854 921 854 847 860 841 841 858 943 858 853 870 841 90 18 25 0
F 1339 862 913 820 913 820 859 862 862 915 998 915 726 779 862 477 424 341 424 613 560 477 694 701 694 701 694 701 694 701 712 703 712 699 710 701 694 701 736 701 652 659 694 701 712 703 712 699 710 701 694 701 736 701 652 659 694 701 712 757 712 645 656 701 70 17 25 0
G 1397 656 692 743 643 722 862 677 747 757 787 591 685 821 667 650 640 610 806 712 576 730 707 693 647 613 735 755 713 697 699 619 609 721 813 693 694 688 564 748 600 828 668 756 768 714 602 684 730 676 705 721 691 801 755 877 699 687 699 955 789 925 979 691 395 23 26 0
H 1652 826 826 1120 826 1120 1460 826 826 826 948 826 704 704 826 826 826 704 826 948 948 826 826 826 826 826 826 826 826 826 826 826 826 826 826 826 826 826 852 826 800 800 826 826 826 826 826 826 826 826 826 826 852 826 800 800 826 826 826 896 826 756 756 826 148 20 25 0
I 4096 2048 2048 2048 2048 2048 2048 2048 2048 2048 2048 2048 2048 2048 2048 2048 2048 2048 2048 2048 2048 2048 2048 2048 2048 2048 2048 2048 2048 2048 2048 2048 2048 2048 2048 2048 2048 2048 2048 2048 2048 2048 2048 2048 2048 2048 2048 2048 2048 2048 2048 2048 2048 2048 2048 2048 2048 2048 2048 2048 2048 2048 2048 2048 2 4 25 0
J 1090 409 322 633 310 651 866 419 495 432 515 352 595 658 575 595 658 575 738 495 432 515 540 569 550 569 550 521 540 607 594 563 674 483 496 527 544 473 546 473 546 617 544 573 582 597 662 517 508 493 512 491 578 491 578 599 512 429 434 741 514 661 656 349 38 14 26 0
K 1479 894 1074 859 911 820 956 971 749 751 777 765 717 713 729 730 728 702 714 762 766 750 755 747 725 743 731 737 753 733 655 923 797 755 807 789 724 764 700 680 706 884 770 738 804 634 712 860 920 740 773 721 779 747 723 657 677 703 717 645 789 635 519 733 148 20 25 0
L 1194 656 1002 656 1002 656 1002 656 448 448 746 448 746 746 448 746 746 448 746 448 448 746 592 592 602 592 602 602 592 554 554 640 554 640 640 554 592 592 602 592 602 602 592 554 554 640 554 640 640 554 592 592 602 592 602 602 592 554 554 640 554 640 640 554 54 16 25 0
M 1917 962 955 1262 953 1296 1403 964 962 933 918 963 928 939 932 955 984 999 954 989 978 985 956 955 956 955 956 955 956 961 962 961 962 961 962 961 984 1051 960 1205 910 817 886 959 964 959 964 959 964 959 962 933 854 967 1036 1167 928 937 862 1017 712 903 868 1031 403 24 25 0
N 1909 959 951 1203 951 1209 1545 957 954 939 912 937 904 913 948 955 970 997 972 1005 996 961 937 956 951 986 931 966 1003 953 842 985 1034 951 944 925 953 910 825 966 991 1092 949 971 962 947 738 969 984 1031 945 980 1037 936 903 922 937 965 958 959 944 919 808 971 148 20 25 0
O 1234 623 623 674 623 632 768 623 618 626 686 626 622 730 618 616 608 548 608 612 504 616 617 617 619 617 615 623 617 617 617 619 617 615 623 617 604 596 396 596 556 840 604 617 617 619 617 615 623 617 622 630 550 630 710 882 622 626 634 806 634 870 970 626 512 24 26 0
P 1390 889 861 838 884 847 965 898 868 894 884 899 665 691 681 522 496 506 491 725 699 709 721 689 693 718 714 682 686 691 655 661 812 686 650 656 696 766 770 721 641 711 715 600 586 616 803 609 595 625 755 803 783 698 686 734 714 815 875 845 610 712 772 742 90 18 25 0
Q 1256 631 636 657 579 668 805 644 679 622 649 609 610 733 706 577 634 607 647 646 523 550 616 621 636 622 631 644 629 595 602 681 623 656 659 588 624 623 372 572 555 850 661 614 585 622 566 637 676 647 623 698 549 647 732 839 660 734 663 738 636 817 934 747 651 24 27 0
R 1651 1073 1005 803 986 840 1184 1110 954 1016 997 886 815 849 812 697 635 654 765 836 802 839 843 847 858 857 836 844 805 821 793 786 809 866 850 785 811 865 830 809 778 788 843 710 734 753 798 765 761 762 860 862 845 818 833 831 864 970 1024 1005 882 799 841 880 148 20 25 0
S 1320 639 648 561 644 555 680 633 619 654 765 645 686 757 674 701 666 555 675 634 563 646 660 635 638 654 675 670 667 643 696 655 603 636 669 706 680 615 648 700 579 718 589 717 794 683 503 638 667 602 680 623 734 718 631 710 619 655 624 1079 715 756 781 662 181 20 26 0
T 1118 559 559 830 559 288 288 559 748 798 748 798 748 798 748 370 320 370 320 370 320 370 559 559 559 559 559 559 559 559 559 559 559 559 559 559 594 608 594 608 594 608 594 559 559 559 559 559 559 559 524 510 524 510 524 510 524 524 510 524 510 524 510 524 148 20 25 0
U 1405 698 694 887 703 884 1200 701 673 688 748 704 732 717 657 732 717 657 701 673 688 748 703 706 694 698 702 699 711 693 702 704 694 712 703 701 724 583 665 567 681 822 740 696 711 701 703 709 694 704 679 580 710 564 726 825 695 581 512 808 496 824 893 597 181 20 26 0
V 1042 537 542 413 531 454 463 538 542 554 526 565 523 515 545 500 488 516 477 519 527 497 531 477 523 514 506 484 496 500 516 504 501 523 543 537 507 545 503 690 422 252 448 515 517 509 536 518 516 502 490 370 416 501 549 637 445 451 409 529 128 458 396 574 190 21 25 0
W 1339 645 659 597 649 581 695 651 688 686 645 679 652 662 693 651 653 694 660 687 677 646 659 689 696 688 653 619 674 669 659 662 636 669 679 678 617 523 648 216 631 633 746 665 681 662 688 667 667 676 651 675 666 718 607 499 630 637 613 636 582 663 687 654 2321 31 25 0
X 1083 543 535 409 522 442 418 544 541 547 525 540 564 572 540 542 536 558 543 519 511 543 546 538 536 545 553 535 535 552 550 534 551 557 569 547 538 534 346 547 581 783 533 543 541 551 532 536 532 556 543 551 681 546 470 508 540 537 535 407 520 422 178 544 244 22 25 0
Y 872 416 446 480 441 301 305 439 462 469 465 578 424 431 427 410 403 407 294 448 441 445 432 441 459 452 428 437 455 432 419 415 434 440 427 423 424 415 285 674 450 441 311 431 426 436 423 423 418 428 381 476 448 289 355 450 422 375 236 450 273 337 198 412 244 22 25 0
Z 1490 747 763 684 772 683 685 760 765 817 1094 822 1079 1155 770 725 673 396 668 411 335 720 776 734 753 715 742 732 749 732 896 747 717 736 716 689 739 757 596 752 779 797 734 695 707 730 978 741 729 646 740 750 773 755 682 724 745 746 766 833 771 726 562 751 115 19 25 0
a 1703 925 883 585 790 684 864 982 770 829 1010 759 882 1019 880 933 874 693 944 821 684 823 851 854 861 888 857 914 849 805 770 1041 822 959 878 677 851 878 729 894 707 820 831 834 727 842 913 814 837 892 892 843 942 857 846 835 818 912 853 1112 1037 890 985 968 25 17 19 0
b 1597 901 1045 799 1035 857 1163 911 801 600 800 725 827 688 766 796 997 797 872 770 909 831 792 829 809 788 822 785 771 774 813 827 676 776 737 817 788 679 805 810 714 811 887 784 803 817 688 788 725 805 786 737 807 786 850 835 751 758 563 835 864 986 917 615 83 17 26 0
c 1445 771 799 649 794 722 860 776 733 724 664 724 854 891 745 712 721 781 721 591 554 700 738 711 679 743 749 752 718 718 723 635 723 789 856 706 744 713 545 745 591 898 724 741 728 654 728 808 861 729 721 708 778 740 824 825 701 735 726 1060 726 870 1139 723 17 15 19 0
d 1513 612 483 742 505 776 1089 604 765 545 753 700 780 684 728 748 968 760 813 733 829 785 765 743 747 736 740 742 774 776 772 734 851 765 789 751 749 683 765 738 660 738 852 792 792 716 853 769 789 749 749 715 763 732 796 746 718 706 546 804 773 951 867 565 83 17 26 0
e 1788 871 908 829 916 859 1028 889 887 874 1025 932 819 876 919 901 914 763 856 969 912 869 878 863 852 909 890 877 894 887 874 825 932 903 972 919 910 925 740 879 770 1051 894 869 856 877 914 955 964 901 894 909 938 863 968 1021 878 919 932 1207 874 1029 1288 887 20 16 19 0
f 1262 605 598 965 520 297 304 657 792 592 574 814 792 592 574 470 670 688 448 470 670 688 645 657 645 657 645 657 645 652 664 652 664 652 664 652 735 647 633 745 735 647 633 722 742 722 742 722 742 722 527 615 629 517 527 615 629 520 608 622 510 520 608 622 9 9 25 0
g 1788 898 773 875 752 920 1191 911 939 1053 944 950 919 909 922 849 735 844 838 869 879 866 899 957 930 882 885 931 866 894 986 921 955 980 864 945 928 960 855 775 820 972 905 931 997 900 950 891 869 914 859 917 908 784 1001 979 964 810 962 987 677 1180 1088 995 64 16 26 0
h 1426 760 850 920 855 935 1241 765 709 551 740 699 686 528 717 717 875 686 727 740 898 709 701 703 748 643 678 680 725 659 651 744 599 682 674 767 695 703 754 803 672 680 731 714 656 689 594 737 679 712 776 718 673 788 753 695 650 782 690 621 912 805 713 644 33 14 25 0
i 3648 1824 1824 1824 1824 1824 1824 1824 1856 1792 2048 1600 1856 1792 2048 1792 1856 1600 2048 1792 1856 1600 1824 1824 1824 1824 1824 1824 1824 1824 1824 1824 1824 1824 1824 1824 1824 1824 1824 1824 1824 1824 1824 1824 1824 1824 1824 1824 1824 1824 1824 1824 1824 1824 1824 1824 1824 1824 1824 1824 1824 1824 1824 1824 2 3 25 0
j 1671 718 730 703 202 965 963 956 864 711 960 711 960 807 864 807 960 711 960 711 864 807 878 851 820 851 820 793 878 890 851 820 851 820 781 890 863 836 835 836 835 808 863 1066 913 758 913 758 605 1066 805 832 839 832 839 866 805 803 842 829 842 829 868 803 7 6 33 0
k 1335 821 1039 785 927 757 855 869 657 616 702 524 648 547 663 678 719 633 811 687 788 672 670 677 669 663 657 656 674 670 721 771 639 675 662 554 702 619 655 623 725 718 588 620 463 595 677 755 770 700 636 681 691 649 653 602 690 688 689 657 621 567 528 758 42 15 25 0
l 4096 2048 2048 2048 2048 2048 2048 2048 2048 2048 2048 2048 2048 2048 2048 2048 2048 2048 2048 2048 2048 2048 2048 2048 2048 2048 2048 2048 2048 2048 2048 2048 2048 2048 2048 2048 2048 2048 2048 2048 2048 2048 2048 2048 2048 2048 2048 2048 2048 2048 2048 2048 2048 2048 2048 2048 2048 2048 2048 2048 2048 2048 2048 2048 2 3 25 0
m 1798 934 865 1461 879 1047 1092 952 942 1012 924 1030 942 1012 924 856 786 874 768 856 786 874 876 862 874 864 876 862 874 931 887 949 869 931 887 949 987 1039 985 1041 987 1039 985 881 869 895 855 881 869 895 869 937 863 943 869 937 863 938 976 952 962 938 976 952 75 24 18 0
n 1840 1059 919 1030 911 1034 1548 1067 947 992 947 1008 947 992 947 893 848 893 832 893 848 893 948 893 948 909 948 893 948 852 859 902 793 852 859 902 875 936 825 1002 875 936 825 916 871 970 801 916 871 970 975 936 929 998 975 936 929 1017 1136 1013 1124 1017 1136 1013 14 15 18 0
o 1552 765 789 732 789 778 966 765 795 763 822 763 816 838 795 757 789 730 789 736 714 757 776 776 785 776 767 765 776 776 776 769 776 783 789 776 765 777 554 777 704 958 765 776 776 769 776 783 789 776 787 775 732 775 882 912 787 795 763 1004 763 1010 1300 795 20 16 19 0
p 1625 932 1094 811 1089 856 1204 937 850 1032 847 912 859 735 856 775 593 778 713 766 890 769 818 780 807 814 833 805 822 816 778 805 902 781 733 770 821 911 840 805 694 806 713 811 783 800 897 786 728 775 810 870 825 810 849 815 864 826 1010 833 740 963 913 970 83 17 26 0
q 1555 615 489 775 504 810 1126 618 797 1010 802 833 813 704 818 758 545 753 722 742 851 737 804 809 803 800 778 765 777 760 777 757 696 792 823 789 776 839 777 780 670 743 671 771 764 766 701 811 830 806 763 806 762 789 793 754 792 825 972 822 727 957 854 954 83 17 26 0
r 1619 883 1167 725 1309 895 1167 759 843 969 797 1043 843 969 797 776 650 822 576 776 650 822 820 854 838 800 820 854 838 816 814 782 900 816 814 782 842 788 812 830 842 788 812 876 960 922 886 876 960 922 762 842 780 788 762 842 780 746 814 712 900 746 814 712 5 9 18 0
s 1701 893 923 677 912 780 846 904 856 832 921 821 884 970 875 845 869 780 880 817 731 826 821 837 864 864 829 855 878 843 915 930 774 859 857 896 881 829 784 860 709 911 838 904 1022 859 691 810 846 803 848 858 991 867 882 898 827 878 840 1325 873 916 1016 837 17 15 19 0
t 1647 917 614 1072 921 575 272 730 817 707 795 854 942 828 670 830 940 852 793 705 819 977 798 770 836 815 881 845 753 807 831 847 802 818 838 836 823 793 815 828 850 828 788 728 704 912 733 941 921 699 824 854 832 819 797 819 859 833 915 843 806 734 812 942 8 9 24 0
u 1681 838 825 1054 836 1079 1396 823 836 716 833 704 845 965 848 845 965 848 977 836 716 833 842 830 847 838 839 851 834 811 833 862 825 870 848 819 856 746 813 734 825 935 868 876 848 793 836 805 833 888 755 767 918 759 926 914 763 714 684 975 692 967 997 706 14 14 19 0
v 1274 626 607 527 650 582 543 615 668 690 612 685 621 645 677 606 584 662 589 653 629 597 638 672 634 639 651 663 647 615 621 613 652 618 606 616 615 637 633 826 532 364 534 618 620 630 639 615 635 627 614 500 546 565 649 725 597 563 485 593 190 564 488 706 17 16 18 0
w 1556 811 797 686 791 642 708 773 795 801 728 813 766 728 813 761 755 828 743 790 828 743 762 776 765 754 785 807 798 776 792 769 812 747 795 742 683 639 744 337 732 700 871 758 756 781 780 755 773 784 791 793 778 935 642 564 711 725 701 722 629 808 808 759 75 24 18 0
x 1261 621 612 478 607 539 462 604 629 641 617 624 668 670 642 632 620 644 637 593 591 619 662 632 638 647 649 665 643 645 649 597 656 672 674 634 637 611 441 636 678 894 616 640 646 656 639 609 601 651 610 646 758 621 557 575 631 625 627 477 610 492 244 638 17 16 18 0
y 1113 531 517 473 645 441 431 521 578 588 621 666 539 547 528 535 525 492 447 574 566 585 559 535 560 529 574 572 565 581 555 516 563 532 592 589 515 447 490 767 598 644 391 587 659 546 649 528 474 581 525 647 540 445 518 550 563 531 423 552 383 384 234 567 64 16 26 0
z 1652 840 878 738 876 770 690 864 801 796 1155 796 1147 1282 815 851 856 497 856 505 370 837 793 788 791 814 813 792 793 773 934 863 738 799 772 783 835 898 701 848 867 898 819 747 754 795 1028 821 816 659 823 844 903 856 815 820 877 833 860 917 898 831 670 809 14 15 18 0
